FPR	TPR	Threshold
0	0	1
0	0.008196721311	0.9986958601
0.002638522427	0.008196721311	0.9982879218
0.002638522427	0.01639344262	0.998123919
0.002638522427	0.02049180328	0.9980653552
0.002638522427	0.02459016393	0.9967186584
0.002638522427	0.02868852459	0.9952023747
0.002638522427	0.03278688525	0.9947293627
0.002638522427	0.05737704918	0.9941757745
0.002638522427	0.06147540984	0.9938625129
0.002638522427	0.0737704918	0.9937546281
0.002638522427	0.08196721311	0.9935422042
0.005277044855	0.08196721311	0.9921040752
0.005277044855	0.08606557377	0.9907869233
0.005277044855	0.09016393443	0.990634247
0.005277044855	0.09426229508	0.9904445233
0.005277044855	0.09836065574	0.9902944876
0.005277044855	0.1024590164	0.9896296909
0.005277044855	0.1106557377	0.9888348958
0.005277044855	0.1147540984	0.9877703439
0.005277044855	0.1229508197	0.9866380814
0.005277044855	0.1352459016	0.9863148028
0.007915567282	0.1393442623	0.9862471182
0.007915567282	0.143442623	0.9859688461
0.007915567282	0.1475409836	0.9855841595
0.007915567282	0.1516393443	0.9853819097
0.007915567282	0.1557377049	0.9852055339
0.007915567282	0.1598360656	0.9845793051
0.01055408971	0.1639344262	0.9836255451
0.01055408971	0.1721311475	0.9829030162
0.01055408971	0.1803278689	0.9820859386
0.01055408971	0.1844262295	0.9812163729
0.01055408971	0.1885245902	0.9808209795
0.01055408971	0.1926229508	0.9804005572
0.01055408971	0.1967213115	0.9798629908
0.01055408971	0.2008196721	0.9795059334
0.01055408971	0.2090163934	0.9792837291
0.01055408971	0.2131147541	0.9790872625
0.01055408971	0.2172131148	0.9789142889
0.01055408971	0.2213114754	0.9776278699
0.01055408971	0.2295081967	0.9762933494
0.01055408971	0.2336065574	0.9747973118
0.01055408971	0.237704918	0.972473216
0.01055408971	0.2459016393	0.9713928746
0.01055408971	0.25	0.9709638702
0.01055408971	0.2540983607	0.9706403254
0.01055408971	0.2581967213	0.9702339073
0.01055408971	0.262295082	0.9695716393
0.01055408971	0.2663934426	0.9688407794
0.01055408971	0.2704918033	0.9673219864
0.01055408971	0.2745901639	0.9657823545
0.01055408971	0.2786885246	0.9649706652
0.01055408971	0.2827868852	0.9645106936
0.01055408971	0.2868852459	0.9642288681
0.01055408971	0.2909836066	0.9639545951
0.01055408971	0.2950819672	0.9637160395
0.01055408971	0.2991803279	0.9628138923
0.01055408971	0.3032786885	0.9613769598
0.01055408971	0.3073770492	0.9594102073
0.01055408971	0.3114754098	0.9577940842
0.01055408971	0.3155737705	0.9573448914
0.01055408971	0.3196721311	0.9572043945
0.01055408971	0.3237704918	0.9559026243
0.01055408971	0.3278688525	0.9544754739
0.01055408971	0.3319672131	0.9528123511
0.01055408971	0.3360655738	0.9505217694
0.01319261214	0.3401639344	0.94924641
0.01583113456	0.3483606557	0.9478599906
0.01846965699	0.3483606557	0.9431958859
0.01846965699	0.3524590164	0.9393381807
0.01846965699	0.356557377	0.938976866
0.01846965699	0.3606557377	0.9377298909
0.01846965699	0.3647540984	0.9355601799
0.01846965699	0.368852459	0.9343656209
0.01846965699	0.3852459016	0.9336806309
0.01846965699	0.3893442623	0.9286978991
0.01846965699	0.393442623	0.9243393624
0.01846965699	0.3975409836	0.9242372118
0.02110817942	0.4057377049	0.9227054396
0.02110817942	0.4098360656	0.918340101
0.02638522427	0.4098360656	0.9082537331
0.02638522427	0.4139344262	0.9000314093
0.02638522427	0.4180327869	0.8984754197
0.02638522427	0.4262295082	0.8973366749
0.02638522427	0.4344262295	0.8949058477
0.0290237467	0.4344262295	0.892838373
0.0290237467	0.4385245902	0.8912979811
0.03166226913	0.4385245902	0.8871961906
0.03430079156	0.4385245902	0.8824722879
0.03430079156	0.4426229508	0.8781234368
0.03430079156	0.4467213115	0.8745070286
0.03430079156	0.4508196721	0.872013342
0.03957783641	0.4508196721	0.8673213626
0.04221635884	0.4508196721	0.8625823255
0.04221635884	0.4549180328	0.857689754
0.04221635884	0.4590163934	0.8513032987
0.04221635884	0.4631147541	0.8477379919
0.04221635884	0.4672131148	0.8457053314
0.04485488127	0.4672131148	0.8439978408
0.05013192612	0.4672131148	0.8354993113
0.05013192612	0.4754098361	0.8256491545
0.05277044855	0.4754098361	0.8225338656
0.05277044855	0.4795081967	0.8189664481
0.05540897098	0.4795081967	0.8159456893
0.05540897098	0.487704918	0.8134862592
0.06596306069	0.5204918033	0.8102711516
0.06596306069	0.5245901639	0.8030846091
0.06596306069	0.5286885246	0.7923727003
0.06860158311	0.5450819672	0.7846351065
0.06860158311	0.5491803279	0.7799563054
0.07124010554	0.5491803279	0.766552215
0.07124010554	0.5532786885	0.7537567618
0.0765171504	0.5573770492	0.7510878798
0.0765171504	0.5696721311	0.7470361613
0.0765171504	0.5737704918	0.7411012364
0.07915567282	0.5737704918	0.7376371568
0.07915567282	0.5778688525	0.7335987048
0.08179419525	0.5778688525	0.7221837531
0.08179419525	0.5819672131	0.7127238654
0.08443271768	0.5819672131	0.7060176345
0.08443271768	0.606557377	0.6948645006
0.08443271768	0.6106557377	0.686712774
0.08707124011	0.6106557377	0.6840951725
0.08970976253	0.6106557377	0.6811068787
0.09498680739	0.6147540984	0.6769662193
0.09762532982	0.6147540984	0.6748750149
0.09762532982	0.618852459	0.6723818136
0.09762532982	0.6229508197	0.6667433445
0.1002638522	0.6229508197	0.6600091064
0.1029023747	0.6229508197	0.6565231481
0.1055408971	0.6270491803	0.6543763517
0.1081794195	0.6270491803	0.6518611208
0.110817942	0.6270491803	0.64525567
0.1134564644	0.6270491803	0.6384978393
0.1134564644	0.631147541	0.6360954113
0.1160949868	0.631147541	0.633696868
0.1240105541	0.6352459016	0.632956517
0.1266490765	0.6393442623	0.631166806
0.1292875989	0.6393442623	0.6279525448
0.1319261214	0.6393442623	0.6238205337
0.1345646438	0.6393442623	0.610143196
0.1372031662	0.643442623	0.5968409389
0.1372031662	0.6475409836	0.5932303122
0.1398416887	0.6475409836	0.5885434169
0.1398416887	0.6516393443	0.5835905316
0.1424802111	0.6516393443	0.573238905
0.1424802111	0.6557377049	0.5614023187
0.1424802111	0.6721311475	0.5558060191
0.1424802111	0.6803278689	0.5304976203
0.1451187335	0.6803278689	0.5068535534
0.1503957784	0.6885245902	0.5016851381
0.1503957784	0.6926229508	0.497385113
0.1530343008	0.6926229508	0.4969316138
0.1556728232	0.6926229508	0.4953700082
0.1609498681	0.6926229508	0.4935522175
0.1609498681	0.6967213115	0.4867869958
0.1662269129	0.6967213115	0.4791836477
0.1688654354	0.6967213115	0.4701144814
0.1767810026	0.6967213115	0.4602354285
0.1794195251	0.6967213115	0.4525796419
0.1794195251	0.7090163934	0.4463697315
0.1794195251	0.7131147541	0.4385087842
0.1926121372	0.7131147541	0.431155968
0.1926121372	0.7172131148	0.4288030493
0.1952506596	0.7172131148	0.4265744174
0.1952506596	0.7213114754	0.4162342337
0.1978891821	0.7213114754	0.4059056327
0.2005277045	0.7213114754	0.3882038374
0.2031662269	0.7213114754	0.3692639399
0.2031662269	0.7254098361	0.3637123655
0.2058047493	0.7254098361	0.3555844271
0.2058047493	0.7295081967	0.3474610504
0.2084432718	0.7336065574	0.3424003956
0.2084432718	0.737704918	0.3231314632
0.2137203166	0.737704918	0.3034575841
0.2163588391	0.737704918	0.3002802678
0.2189973615	0.737704918	0.2976422281
0.2216358839	0.7459016393	0.2965056904
0.2269129288	0.7459016393	0.2922862198
0.2295514512	0.7459016393	0.2872043233
0.2295514512	0.75	0.28444274
0.234828496	0.75	0.2804636181
0.2401055409	0.75	0.2739625686
0.2427440633	0.75	0.269766806
0.2453825858	0.75	0.2687435305
0.2480211082	0.75	0.2669831278
0.25	0.75	0.2647387497
0.2506596306	0.75	0.2639906236
0.253298153	0.75	0.2608261685
0.2559366755	0.75	0.2591576262
0.2585751979	0.75	0.2526092616
0.2585751979	0.7540983607	0.2460906865
0.2585751979	0.7581967213	0.2425704248
0.2585751979	0.762295082	0.2339184584
0.2612137203	0.762295082	0.2280466387
0.2638522427	0.762295082	0.2268331597
0.2664907652	0.762295082	0.2251374813
0.3007915567	0.762295082	0.2234055769
0.3034300792	0.762295082	0.2195072717
0.3060686016	0.7704918033	0.2156902202
0.3060686016	0.7786885246	0.2133380971
0.308707124	0.7786885246	0.211084129
0.3113456464	0.7786885246	0.2099675753
0.3139841689	0.7868852459	0.2090450534
0.3139841689	0.7909836066	0.2078811477
0.3245382586	0.7909836066	0.2058702253
0.3245382586	0.7950819672	0.2027056453
0.3245382586	0.7991803279	0.1979393901
0.327176781	0.7991803279	0.1925146077
0.3298153034	0.7991803279	0.1875627843
0.3324538259	0.7991803279	0.1841977651
0.3377308707	0.7991803279	0.1826212494
0.3509234828	0.8032786885	0.1808950127
0.3614775726	0.8073770492	0.1786757382
0.364116095	0.8073770492	0.1756330398
0.364116095	0.8114754098	0.173743711
0.3667546174	0.8114754098	0.1721784642
0.3693931398	0.8114754098	0.169899168
0.4459102902	0.8237704918	0.1623859471
0.4775725594	0.8319672131	0.1544333278
0.4775725594	0.8401639344	0.1527229037
0.4802110818	0.8401639344	0.1478054936
0.4828496042	0.8401639344	0.1424752912
0.5092348285	0.8483606557	0.1379040268
0.5092348285	0.8524590164	0.1333370252
0.5092348285	0.856557377	0.1326847376
0.5118733509	0.856557377	0.131337039
0.5171503958	0.856557377	0.1298834615
0.5329815303	0.8606557377	0.1294267218
0.5461741425	0.8606557377	0.1287459554
0.5488126649	0.8606557377	0.127554301
0.5778364116	0.8606557377	0.1253181478
0.5778364116	0.8647540984	0.1232348996
0.580474934	0.8647540984	0.1193422014
0.580474934	0.868852459	0.1158494036
0.580474934	0.8729508197	0.1148013582
0.580474934	0.8770491803	0.1137695819
0.6490765172	0.893442623	0.1099729092
0.654353562	0.893442623	0.105879146
0.6569920844	0.893442623	0.1019956484
0.6596306069	0.893442623	0.098644554
0.6622691293	0.8975409836	0.09728639461
0.6649076517	0.8975409836	0.09546163397
0.6649076517	0.9016393443	0.09442194484
0.6675461741	0.9016393443	0.09319661943
0.6701846966	0.9016393443	0.09109224833
0.6965699208	0.9057377049	0.0877421188
0.6992084433	0.9057377049	0.08465439995
0.7018469657	0.9057377049	0.08338028697
0.7044854881	0.9057377049	0.08226747269
0.7071240106	0.9057377049	0.08077851908
0.709762533	0.9057377049	0.08016968432
0.7150395778	0.9098360656	0.07828693453
0.7150395778	0.9139344262	0.07496637088
0.7176781003	0.9139344262	0.07285497677
0.7203166227	0.9139344262	0.07220373462
0.7229551451	0.9139344262	0.0717939698
0.7308707124	0.9139344262	0.07050452243
0.7335092348	0.9139344262	0.06886477801
0.7361477573	0.9139344262	0.067510248
0.7387862797	0.9139344262	0.06624618714
0.7414248021	0.9139344262	0.06506577665
0.7440633245	0.9139344262	0.06357275361
0.746701847	0.9139344262	0.06238966794
0.7572559367	0.9139344262	0.061960129
0.7598944591	0.9139344262	0.06146467701
0.765171504	0.9139344262	0.06064080483
0.7678100264	0.9180327869	0.05922756421
0.7810026385	0.9221311475	0.05771455307
0.7836411609	0.9262295082	0.05608548992
0.7889182058	0.9262295082	0.05436131921
0.7941952507	0.9262295082	0.0533039103
0.7968337731	0.9262295082	0.05224595005
0.7994722955	0.9262295082	0.0501536018
0.8021108179	0.9262295082	0.04853687731
0.8047493404	0.9262295082	0.04724729809
0.8073878628	0.9262295082	0.0453301989
0.8073878628	0.9303278689	0.04416650526
0.8073878628	0.9344262295	0.04358157947
0.8179419525	0.9344262295	0.04320575699
0.8232189974	0.9344262295	0.04197926171
0.8232189974	0.9426229508	0.03999215402
0.8311345646	0.9426229508	0.03900506151
0.8337730871	0.9426229508	0.03788113955
0.8337730871	0.9467213115	0.03583376151
0.8364116095	0.9467213115	0.03468259076
0.8390501319	0.9467213115	0.03437539346
0.8443271768	0.9467213115	0.03385115609
0.8496042216	0.9467213115	0.0324455617
0.8522427441	0.9467213115	0.02993119957
0.8548812665	0.9467213115	0.02802938464
0.8548812665	0.9508196721	0.02667643739
0.8575197889	0.9508196721	0.02489820644
0.8601583113	0.9508196721	0.02390173035
0.8627968338	0.9508196721	0.02310756768
0.8733509235	0.9508196721	0.02193748359
0.8759894459	0.9508196721	0.02075407774
0.8759894459	0.9549180328	0.01989346003
0.8786279683	0.9549180328	0.01933424164
0.8839050132	0.9590163934	0.01869416914
0.8865435356	0.9590163934	0.01831067968
0.889182058	0.9590163934	0.01777283552
0.8918205805	0.9590163934	0.01723062356
0.9182058047	0.9713114754	0.01637910308
0.9208443272	0.9713114754	0.01535191969
0.9208443272	0.9754098361	0.01474222237
0.9234828496	0.9754098361	0.01424988946
0.9287598945	0.9754098361	0.0139507218
0.9366754617	0.9754098361	0.01334064966
0.9393139842	0.9754098361	0.01254667619
0.9419525066	0.9754098361	0.01178437822
0.9551451187	0.9754098361	0.01047577081
0.9577836412	0.9754098361	0.009426071135
0.9577836412	0.9795081967	0.009135022746
0.9577836412	0.9836065574	0.008974494311
0.9577836412	0.987704918	0.008632087958
0.9604221636	0.9959016393	0.007279535463
0.9788918206	1	0.006075324871
0.9920844327	1	0.005816313865
0.9947229551	1	0.005461762538
0.9973614776	1	0.00354117234
1	1	0
